100
70
358
48
278
9316
21
1829
6846
8836
4792
5890
9008
5045
6669
29
12
9707
80
6543
8569
5617
739
9295
17
650
9512
48
1855
8682
564
6643
7847
1239
137
5144
5871
52
135
37
24
9943
2
1224
4845
17
450
9913
17
15
9958
6
3963
6220
7745
81
9534
78
824
9151
15
50
2524
5456
872
9417
49
19
9930
8
4915
5693
39
7
9904
4
1905
6939
5469
879
7600
80
898
7630
1185
740
9903
94
834
9591
15
1061
7996
8251
868
9506
76
7627
7627
7627
644
9308
23
126
389
79
5059
8149
6
317
9224
1
850
9669
32
12
144
45
41
467
57
539
9559
5
490
9809
67
2670
8902
4803
948
9224
17
636
9495
8
3805
7521
7942
29
9910
7
17
9891
10
5213
9883
9301
524
2276
4213
381
9878
69
944
5629
371
682
9828
35
6496
7998
2647
18
9957
9
433
9511
92
315
473
46
627
1042
9305
5496
7986
3466
5297
5930
6907
720
9798
85
4331
5786
7430
2553
8800
88
13
9992
5
2288
4669
4871
400
9550
47
4988
4988
4988
78
280
12
12
9327
30
975
9872
61
13
9115
67
22
186
71
909
8694
5847
8
9854
1
17
9892
99
966
9776
69
4570
7561
4853
183
8724
61
4899
9887
9155
413
9222
14
947
9672
88
2879
4405
2068
37
9633
13
582
9899
36
934
9930
95
33
9922
3
3516
3516
3516
2794
4344
43
102
5267
3848
1872
3131
18
127
9794
15
4578
8096
8973
290
9263
77
72
9403
28
549
9623
53
2634
4013
7439
103
9000
11
652
9586
79
110
9603
52
7152
7700
7144
